"IDENTIFIER","CONCEPT_CODE","SHORT_URI","DEFINITION","value","PUBLIC_ID"
"getNextPvId()",,,,"add prop1","add_prop1"